1 0 4 4 1, 1 (1) : 1
1 0 4 4 2, 1 (1) : 1
2 0 4 4 1, 1 (0.9) : 1
2 0 4 4 2, 2 (0.9) : 1
3 0 4 4 1, 1 (1) : 1
3 0 4 4 2, 2 (1) : 1
4 0 4 4 1, 1 (1) : 1
4 0 4 4 2, 2 (1) : 1
1 0 3 4 1, 1 (0.9) : 1
1 0 3 4 2, 2 (0.9) : 1
2 0 3 4 1, 1 (0.95) : 1
2 0 3 4 2, 2 (0.95) : 1
3 0 3 4 1, 1 (1) : 1
3 0 3 4 2, 2 (1) : 1
4 0 3 4 1, 1 (1) : 1
4 0 3 4 2, 2 (1) : 1
1 -1 2 4 1, 1 (1) : 1
1 -1 2 4 2, 2 (1) : 1
1 1 2 4 1, 2 (0.9) : 1
1 1 2 4 2, 3 (0.9) : 1
2 -1 2 4 1, 2 (0.93) : 1
2 -1 2 4 2, 3 (0.93) : 1
2 1 2 4 1, 2 (0.95) : 1
2 1 2 4 2, 3 (0.95) : 1
3 -1 2 4 1, 2 (0.95) : 1
3 -1 2 4 2, 3 (0.95) : 1
3 1 2 4 1, 2 (0.97) : 1
3 1 2 4 2, 3 (0.97) : 1
4 -1 2 4 1, 2 (0.98) : 1
4 -1 2 4 2, 3 (0.98) : 1
4 1 2 4 1, 2 (1) : 1
4 1 2 4 2, 3 (1) : 1
1 0 1 4 1, 2 (0.93) : 1
1 0 1 4 2, 3 (0.93) : 1
2 0 1 4 1, 2 (0.95) : 1
2 0 1 4 2, 3 (0.95) : 1
3 0 1 4 1, 2 (0.98) : 1
3 0 1 4 2, 3 (0.98) : 1
4 0 1 4 1, 2 (1) : 1
4 0 1 4 2, 3 (1) : 1
1 0 4 3 1, 1 (1) : 1
1 0 4 3 2, 2 (1) : 1
2 0 4 3 1, 1 (1) : 1
2 0 4 3 2, 2 (1) : 1
3 0 4 3 1, 2 (0.88) : 1
3 0 4 3 2, 3 (0.88) : 1
4 0 4 3 1, 2 (0.95) : 1
4 0 4 3 2, 3 (0.95) : 1
1 0 3 3 1, 1 (1) : 1
1 0 3 3 2, 2 (1) : 1
2 0 3 3 1, 1 (1) : 1
2 0 3 3 2, 2 (1) : 1
3 0 3 3 1, 2 (0.9) : 1
3 0 3 3 2, 3 (0.9) : 1
4 0 3 3 1, 2 (0.93) : 1
4 0 3 3 2, 3 (0.93) : 1
1 -1 2 3 1, 1 (1) : 1
1 -1 2 3 2, 2 (1) : 1
1 1 2 3 1, 2 (0.9) : 1
1 1 2 3 2, 3 (0.9) : 1
2 -1 2 3 1, 2 (0.9) : 1
2 -1 2 3 2, 3 (0.9) : 1
2 1 2 3 1, 2 (0.93) : 1
2 1 2 3 2, 3 (0.93) : 1
3 -1 2 3 1, 2 (0.95) : 1
3 -1 2 3 2, 3 (0.95) : 1
3 1 2 3 1, 2 (0.96) : 1
3 1 2 3 2, 3 (0.96) : 1
4 0 2 3 1, 2 (0.98) : 1
4 0 2 3 2, 3 (0.98) : 1
1 0 1 3 1, 2 (0.91) : 1
1 0 1 3 2, 3 (0.91) : 1
2 -1 1 3 1, 2 (0.93) : 1
2 -1 1 3 2, 3 (0.93) : 1
2 1 1 3 1, 2 (0.95) : 1
2 1 1 3 2, 3 (0.95) : 1
3 -1 1 3 1, 2 (0.97) : 1
3 -1 1 3 2, 3 (0.97) : 1
3 1 1 3 1, 2 (0.98) : 1
3 1 1 3 2, 3 (0.98) : 1
4 0 1 3 1, 2 (1) : 1
4 0 1 3 2, 3 (1) : 1
1 0 4 2 1, 1 (1) : 1
1 0 4 2 2, 2 (1) : 1
2 0 4 2 1, 2 (0.9) : 1
2 0 4 2 2, 3 (0.9) : 1
3 0 4 2 1, 2 (0.93) : 1
3 0 4 2 2, 3 (0.93) : 1
4 0 4 2 1, 2 (0.95) : 1
4 0 4 2 2, 3 (0.95) : 1
1 0 3 2 1, 2 (0.91) : 1
1 0 3 2 2, 3 (0.91) : 1
2 0 3 2 1, 2 (0.93) : 1
2 0 3 2 2, 3 (0.93) : 1
3 0 3 2 1, 2 (0.95) : 1
3 0 3 2 2, 3 (0.95) : 1
4 0 3 2 1, 2 (0.98) : 1
4 0 3 2 2, 3 (0.98) : 1
1 0 2 2 1, 2 (0.93) : 1
1 0 2 2 2, 3 (0.93) : 1
2 0 2 2 1, 2 (0.95) : 1
2 0 2 2 2, 3 (0.95) : 1
3 -1 2 2 1, 2 (0.97) : 1
3 -1 2 2 2, 3 (0.97) : 1
3 1 2 2 1, 2 (0.99) : 1
3 1 2 2 2, 3 (0.99) : 1
4 0 2 2 1, 2 (1) : 1
4 0 2 2 2, 3 (1) : 1
1 -1 1 2 1, 2 (1) : 1
1 -1 1 2 2, 3 (1) : 1
1 1 1 2 1, 3 (0.92) : 1
1 1 1 2 2, 4 (0.92) : 1
2 0 1 2 1, 3 (0.93) : 1
2 0 1 2 2, 4 (0.93) : 1
3 0 1 2 1, 3 (0.96) : 1
3 0 1 2 2, 4 (0.96) : 1
4 0 1 2 1, 3 (1) : 1
4 0 1 2 2, 4 (1) : 1
1 0 4 1 1, 2 (0.9) : 1
1 0 4 1 2, 3 (0.9) : 1
2 0 4 1 1, 2 (0.92) : 1
2 0 4 1 2, 3 (0.92) : 1
3 0 4 1 1, 2 (0.95) : 1
3 0 4 1 2, 3 (0.95) : 1
4 0 4 1 1, 2 (0.99) : 1
4 0 4 1 2, 3 (0.99) : 1
1 0 3 1 1, 2 (0.92) : 1
1 0 3 1 2, 3 (0.92) : 1
2 0 3 1 1, 2 (0.95) : 1
2 0 3 1 2, 3 (0.95) : 1
3 0 3 1 1, 2 (0.97) : 1
3 0 3 1 2, 3 (0.97) : 1
4 0 3 1 1, 2 (1) : 1
4 0 3 1 2, 3 (1) : 1
1 0 2 1 1, 2 (1) : 1
1 0 2 1 2, 3 (1) : 1
2 0 2 1 1, 3 (0.91) : 1
2 0 2 1 2, 4 (0.91) : 1
3 0 2 1 1, 3 (0.95) : 1
3 0 2 1 2, 4 (0.95) : 1
4 0 2 1 1, 3 (0.98) : 1
4 0 2 1 2, 4 (0.98) : 1
1 4 1 1 1, 3 (0.95) : 1
1 4 1 1 2, 4 (0.95) : 1
2 -4 1 1 1, 3 (0.98) : 1
2 -4 1 1 2, 4 (0.98) : 1
2 4 1 1 1, 3 (0.96) : 1
2 4 1 1 2, 4 (0.96) : 1
3 0 1 1 1, 3 (1) : 1
3 0 1 1 2, 4 (1) : 1
4 0 1 1 1, 3 (1) : 1
4 0 1 1 2, 4 (1) : 1
